0.000 0.401945258645   
0.025 0.37744749339    
0.050 0.353950588      
0.075 0.33144662064    
0.100 0.30992508235    
0.125 0.28937334150    
0.150 0.26977690324    
0.175 0.25111959918    
0.200 0.23338373903    
0.225 0.21655024142    
0.250 0.2005987524     
0.275 0.18550775644    
0.300 0.1712546824     
0.325 0.15781600742    
0.350 0.145167357      
0.375 0.13328361069    
0.400 0.12213899281    
0.425 0.11170718103    
0.450 0.10196140098    
0.475 0.09287452579    
0.500 0.0844191740     
0.525 0.07656780666    
0.550 0.0692928228     
0.575 0.06256665393    
0.600 0.05636185569    
0.625 0.05065119782    
0.650 0.04540775077    
0.675 0.04060496910    
0.700 0.03621677106    
0.725 0.03221761396    
0.750 0.02858256478    
0.775 0.02528736575    
0.800 0.02230849440    
0.825 0.01962321777    
0.850 0.01720964057    
0.875 0.01504674689    
0.900 0.01311443535    
0.925 0.01139354756    
0.950 0.00986588981    
0.975 0.00851424800    
1.000 0.00732239583    
1.025 0.00627509648    
1.050 0.0053580979     
1.075 0.00455812213    
1.100 0.00386284867    
1.125 0.00326089284    
1.150 0.0027417789     
1.175 0.00229590949    
1.200 0.00191452983    
1.225 0.0015896904     
1.250 0.00131420580    
1.275 0.00108161151    
1.300 0.0008861197     
1.325 0.00072257364    
1.350 0.00058640182    
1.375 0.00047357222    
1.400 0.00038054718    
1.425 0.00030423926    
1.450 0.00024196859    
1.475 0.00019142193    
1.500 0.00015061381    
1.525 0.00011784991    
1.550 0.00009169284    
1.575 0.00007093055    
1.600 0.00005454718    
1.625 0.00004169668    
1.650 0.00003167884    
1.675 0.00002391795    
1.700 0.00001794374    
1.725 0.000013374      
1.750 0.00000990338    
1.775 0.0000072838     
1.800 0.00000532053    
1.825 0.0000038593     
1.850 0.00000277968    
1.875 0.00000198760    
1.900 0.00000141080    
1.925 0.00000099392    
1.950 0.00000069491    
1.975 0.00000048210    
2.000 0.00000033184    
2.025 0.00000022659    
2.050 0.00000015347    
2.075 0.00000010309    
2.100 0.00000006867    
2.125 0.00000004535    
2.150 0.00000002969    
2.175 0.00000001927    
2.200 0.00000001239    
2.225 0.00000000790    
2.250 0.00000000499    
2.275 0.00000000312    
2.300 0.00000000193    
2.325 0.00000000118    
2.350 0.00000000072    
2.375 0.00000000043    
2.400 0.0000000002     
2.425 0.00000000015    
2.450 0.0000000000     
2.475 0.00000000005    
2.500 0.0000000000     
